%YAML:1.0
---
R: !!opencv-matrix
   rows: 3
   cols: 3
   dt: d
   data: [ 9.9917539414071932e-01, -3.9327419322099065e-03,
       -4.0411202464573304e-02, 3.2265598294582837e-03,
       9.9984121405207715e-01, -1.7525295847296268e-02,
       4.0473708199336322e-02, 1.7380455223122652e-02,
       9.9902942835575770e-01 ]
T: !!opencv-matrix
   rows: 3
   cols: 1
   dt: d
   data: [ 6.7899490954207067e+01, -1.0850786663429563e+01,
       4.9121026555150308e+01 ]
