%YAML:1.0
---
M1: !!opencv-matrix
   rows: 3
   cols: 3
   dt: d
   data: [ 2.8611667907695805e+03, 0., 9.4414296564289850e+02, 0.,
       2.7308266818677507e+03, 5.4573194369650150e+02, 0., 0., 1. ]
D1: !!opencv-matrix
   rows: 1
   cols: 14
   dt: d
   data: [ 8.9796667227146007e-02, -1.5308704256358256e+01, 0., 0., 0.,
       0., 0., -1.7651232839144831e+02, 0., 0., 0., 0., 0., 0. ]
M2: !!opencv-matrix
   rows: 3
   cols: 3
   dt: d
   data: [ 2.8611667907695805e+03, 0., 9.9495727522862921e+02, 0.,
       2.7308266818677507e+03, 5.7189567639511301e+02, 0., 0., 1. ]
D2: !!opencv-matrix
   rows: 1
   cols: 14
   dt: d
   data: [ 6.6100930110521948e-03, -8.0962928008821198e+00, 0., 0., 0.,
       0., 0., -7.8236554057724575e+01, 0., 0., 0., 0., 0., 0. ]
