%YAML:1.0
---
R: !!opencv-matrix
   rows: 3
   cols: 3
   dt: d
   data: [ 9.9997149582260636e-01, 4.8210106352064019e-03,
       5.8108001819287399e-03, -4.8866661240027955e-03,
       9.9992378065906895e-01, 1.1338137707169254e-02,
       -5.7556960040988795e-03, -1.1366209963283124e-02,
       9.9991883732359943e-01 ]
T: !!opencv-matrix
   rows: 3
   cols: 1
   dt: d
   data: [ -3.3427086814899103e+00, 4.6825937946984808e-02,
       3.6523405916423935e-03 ]
