%YAML:1.0
---
M1: !!opencv-matrix
   rows: 3
   cols: 3
   dt: d
   data: [ 5.3398795379846797e+02, 0., 3.2838647412003019e+02, 0.,
       5.2871082263333744e+02, 2.3684272815644368e+02, 0., 0., 1. ]
D1: !!opencv-matrix
   rows: 1
   cols: 14
   dt: d
   data: [ -2.5896596066983180e-01, -1.2618398872046938e-01, 0., 0., 0.,
       0., 0., -3.9963356272817291e-01, 0., 0., 0., 0., 0., 0. ]
M2: !!opencv-matrix
   rows: 3
   cols: 3
   dt: d
   data: [ 5.3398795379846797e+02, 0., 3.1377033137377555e+02, 0.,
       5.2871082263333744e+02, 2.4187045539892810e+02, 0., 0., 1. ]
D2: !!opencv-matrix
   rows: 1
   cols: 14
   dt: d
   data: [ -2.6296219977508628e-01, -1.2154547324152590e-02, 0., 0., 0.,
       0., 0., -1.9510575516389425e-01, 0., 0., 0., 0., 0., 0. ]
